# oST version 5.0 parameters


[image]

width
640

height
480

[narrow_stereo]

camera matrix
341.487101 0.000000 319.623750
0.000000 341.488213 242.378093
0.000000 0.000000 1.000000

distortion
0.000219 0.000175 -0.000070 0.000171 0.000000

rectification
1.000000 0.000000 0.000000
0.000000 1.000000 0.000000
0.000000 0.000000 1.000000

projection
341.204224 0.000000 319.306972 0.000000
0.000000 341.101166 241.815045 0.000000
0.000000 0.000000 1.000000 0.000000
