# oST version 5.0 parameters


[image]

width
640

height
480

[narrow_stereo]

camera matrix
485.487955 0.000000 319.094599
0.000000 486.218427 160.189667
0.000000 0.000000 1.000000

distortion
0.003786 -0.003445 -0.000451 -0.000217 0.000000

rectification
1.000000 0.000000 0.000000
0.000000 1.000000 0.000000
0.000000 0.000000 1.000000

projection
485.375977 0.000000 318.447818 0.000000
0.000000 485.657928 159.628136 0.000000
0.000000 0.000000 1.000000 0.000000
